4.833702850341796875e+01 3.996802888650563546e-14 4.379367446899414062e+01 4.440892098500626162e-15 7.209470272064208984e+00 3.641531520770513453e-14 3.503622770309448242e+00 8.881784197001252323e-15 2.771763610839843750e+01 8.881784197001252323e-15 6.533176422119140625e+00 4.440892098500626162e-15 4.040806770324707031e+00 1.154631945610162802e-14 4.879839897155761719e+00 7.549516567451064475e-14
1.310901308158992848e-14 3.944304526105059027e-31 7.403252612185086401e-15 1.508696481235185078e-29 1.366243476317273442e-14 1.143848312570467118e-29 4.078359625383533305e-14 4.665372697283640130e-29 6.171747598523796494e-15 5.127595883936576735e-30 1.460952368907968580e-15 8.008170783157677656e-29 2.089533930878608760e-15 1.459392674658871840e-29 5.021669132631483359e-15 2.032549426108513230e-29
1.420946407318115234e+01 3.019806626980425790e-14 2.153611373901367188e+01 3.552713678800500929e-15 1.711986160278320312e+01 6.439293542825907934e-15 8.471536636352539062e+00 1.226796442210797977e-14 1.208768963813781738e+00 1.421085471520200372e-14 1.314954757690429688e+01 4.940492459581946605e-15 6.458348631858825684e-01 2.153832667772803688e-14 2.227394866943359375e+01 5.773159728050814010e-15
4.433595333176503991e-15 1.597443333072548906e-29 1.857243234258763170e-14 8.361925595342725137e-29 7.430522837921938600e-15 2.465190328815661892e-29 3.403868390627765375e-15 2.682127077751440138e-29 1.560353442861626277e-14 9.860761315262647568e-31 6.234383990907357495e-15 4.575393250281868471e-29 1.032438464419489083e-14 5.719241562852335589e-30 4.396407283363545915e-14 2.051038353574630694e-29
1.420086765289306641e+01 1.055058818089094075e-14 6.950201988220214844e+00 1.521005543736464460e-14 6.184358596801757812e-01 7.830541770559307224e-15 1.412378215789794922e+01 4.551914400963141816e-15 1.881407928466796875e+01 1.188285581044112860e-14 1.470499515533447266e+01 3.608224830031758756e-15 1.126049280166625977e+00 1.188285581044112860e-14 4.035523891448974609e+00 1.298960938811433152e-14
1.076668237936151060e-15 4.930380657631323784e-30 6.297184707682685831e-15 3.944304526105059027e-30 2.314813989903914682e-14 3.944304526105059027e-31 5.299238864831402190e-15 1.203012880462043003e-29 6.682614027199191165e-16 8.874685183736382811e-30 5.820552068482639368e-15 4.102076707149261388e-29 3.022676882825491712e-15 4.930380657631323784e-30 5.188935693341105437e-15 1.972152263052529514e-29
1.312940597534179688e+01 2.242650509742816212e-14 9.141540527343750000e+00 4.718447854656915297e-15 2.746366024017333984e+00 6.439293542825907934e-15 7.246582984924316406e+00 1.598721155460225418e-14 3.089191615581512451e-01 1.976196983832778642e-14 5.733937740325927734e+00 1.759703494030873117e-14 1.662623023986816406e+01 2.886579864025407005e-15 9.248003005981445312e+00 1.088018564132653410e-14
3.162597408349482331e-14 7.908330574840643349e-29 7.897094843290972110e-15 1.025519176787315347e-29 9.095532114207927760e-15 3.944304526105059027e-30 1.892776859319144148e-15 5.719241562852335589e-30 8.796073780101536926e-15 3.397032273107982087e-29 4.695920589908213552e-15 0.000000000000000000e+00 4.483015046967582518e-14 1.912987695160953628e-29 4.519632958903743725e-14 5.719241562852335589e-30
2.829885864257812500e+01 2.575717417130363174e-14 1.563836860656738281e+01 7.194245199571014382e-14 6.733748626708984375e+01 3.286260152890463360e-14 1.843187904357910156e+01 1.358912982141191605e-13 3.275902557373046875e+01 7.904787935331114568e-14 1.135407829284667969e+01 4.440892098500626162e-15 2.238357543945312500e+01 1.509903313490212895e-14 1.195322036743164062e+01 1.154631945610162802e-14
3.063311594404122262e-14 2.465190328815661892e-29 1.598209187571081238e-15 1.025519176787315347e-29 5.190120861840903654e-14 7.888609052210118054e-31 1.472929647716204882e-14 1.281898970984144184e-29 5.756673078765456308e-15 2.465190328815661892e-29 3.815372835920018135e-14 9.860761315262647568e-31 1.167609083285161761e-14 1.025519176787315347e-29 2.912000678025224165e-14 1.554055983285393257e-28
1.265057754516601562e+01 3.219646771412953967e-14 7.176964569091796875e+01 1.110223024625156540e-15 3.515965270996093750e+01 4.690692279041286383e-14 1.000154241919517517e-01 1.998401444325281773e-15 2.981146812438964844e+00 3.019806626980425790e-14 1.139875316619873047e+01 1.110223024625156540e-15 2.607962417602539062e+01 1.537658889105841808e-14 2.504975509643554688e+01 2.597921877622866305e-14
6.082990404112807378e-15 0.000000000000000000e+00 1.221815719074353240e-14 4.930380657631323784e-30 1.467535911314678948e-14 6.310887241768094443e-30 2.275336664144412407e-14 1.676329423594650086e-29 1.689316072553577464e-14 1.025519176787315347e-28 8.909722731733488166e-15 1.972152263052529514e-30 4.504386958776229397e-15 4.930380657631323784e-30 3.676011182734625904e-14 4.930380657631323784e-30
2.267281341552734375e+01 5.551115123125782702e-16 6.971968173980712891e+00 3.214442600985023546e-14 1.574865627288818359e+01 3.608224830031758756e-15 1.571586132049560547e+00 2.390448949896040176e-15 3.430487155914306641e+00 2.775557561562891351e-15 2.226470947265625000e+01 4.097069905562022996e-14 9.549352645874023438e+00 2.053912595556539600e-14 2.859839248657226562e+01 1.058181320345852328e-15
1.484202809211212365e-14 7.888609052210118054e-30 6.190342428111575424e-14 3.944304526105059027e-29 1.782635894638246593e-15 2.161478880305572347e-28 1.510747805338625432e-14 6.705317694378600346e-30 4.980644870600410556e-14 3.944304526105059027e-29 6.466526075596607318e-15 2.918785349317743680e-29 6.658498469795269201e-15 7.888609052210118054e-30 5.729894555654485230e-15 4.930380657631323784e-30
2.874005794525146484e+00 3.774758283725532237e-14 3.447484970092773438e+01 1.443289932012703503e-14 2.412468671798706055e+00 4.052314039881821373e-15 1.450031375885009766e+01 1.421085471520200372e-14 2.284491539001464844e+01 4.246603069191223767e-14 3.522754287719726562e+01 3.486100297322991537e-14 1.887880897521972656e+01 7.105427357601001859e-15 5.248196125030517578e+00 8.881784197001252323e-15
1.032830437386160483e-13 4.024423211791568039e-29 1.754257326289912142e-15 3.194886666145097812e-29 1.627100655544801849e-14 5.238529448733281520e-30 4.720424490742627932e-14 9.860761315262647568e-30 1.039362683477585130e-15 2.415886522239348654e-29 4.300717293685869802e-14 7.139191192250156839e-29 2.132141678652926114e-14 9.860761315262647568e-32 1.301378286139602200e-14 9.860761315262647568e-30
